0704.0002
0704.0010
0704.0023
0704.0026
0704.0047
0704.0079
0704.0112
0704.0197
0704.0232
0704.0273
0704.0305
0704.0308
0704.0309
0704.0343
0704.0345
0704.0349
0704.0357
0704.0392
0704.0405
0704.0459
0704.0468
0704.0491
0704.0499
0704.0528
0704.0551
0704.0578
0704.0598
0704.0617
0704.0623
0704.0632
0704.0634
0704.0644
0704.0648
0704.0686
0704.0694
0704.0730
0704.0741
0704.0744
0704.0773
0704.0802
0704.0805
0704.0831
0704.0860
0704.0892
0704.0918
0704.0954
0704.0967
0704.0981
0704.0984
0704.0994
0704.1007
0704.1020
0704.1028
0704.1068
0704.1097
0704.1144
0704.1198
0704.1225
0704.1246
0704.1269
0704.1293
0704.1310
0704.1313
0704.1348
0704.1373
0704.1390
0704.1431
0704.1464
0704.1493
0704.1503
0704.1538
0704.1549
0704.1569
0704.1571
0704.1580
0704.1589
0704.1592
0704.1650
0704.1667
0704.1676
0704.1692
0704.1737
0704.1748
0704.1782
0704.1783
0704.1790
0704.1811
0704.1818
0704.1833
0704.1838
0704.1842
0704.1847
0704.1849
0704.1882
0704.1885
0704.1952
0704.1985
0704.2012
0704.2017
0704.2092
0704.2115
0704.2146
0704.2157
0704.2163
0704.2200
0704.2258
0704.2264
0704.2268
0704.2282
0704.2289
0704.2337
0704.2353
0704.2374
0704.2375
0704.2383
0704.2475
0704.2511
0704.2533
0704.2544
0704.2551
0704.2561
0704.2564
0704.2580
0704.2600
0704.2602
0704.2617
0704.2650
0704.2651
0704.2694
0704.2699
0704.2704
0704.2713
0704.2732
0704.2763
0704.2778
0704.2784
0704.2795
0704.2802
0704.2803
0704.2808
0704.2841
0704.2849
0704.2852
0704.2868
0704.2871
0704.2912
0704.2913
0704.2916
0704.2947
0704.2951
0704.2963
0704.2983
0704.3002
0704.3005
0704.3006
0704.3061
0704.3071
0704.3113
0704.3182
0704.3188
0704.3226
0704.3228
0704.3241
0704.3259
0704.3268
0704.3286
0704.3292
0704.3293
0704.3321
0704.3331
0704.3350
0704.3359
0704.3371
0704.3377
0704.3391
0704.3392
0704.3395
0704.3396
0704.3399
0704.3405
0704.3406
0704.3424
0704.3434
0704.3453
0704.3474
0704.3496
0704.3499
0704.3515
0704.3525
0704.3551
0704.3588
0704.3603
0704.3619
0704.3640
0704.3644
0704.3672
0704.3696
0704.3702
0704.3706
0704.3708
